76	4	22
0	0	1
2628	6	50
137	11	38
120	1	0
61	0	0
353	12	439
124	47	6
3889	775	1477
0	21	222
272	47	747
109	31	43
678	2	32
340	0	5
75	0	10
1	1	1
245	2	10
354	20	12
170	0	0
233	24	86
61	2	5
160	0	17
1065	258	281
78	2	6
318	451	26
388	2	37
3975	21	330
5268	0	549
63	3	4
185	12	929
157	0	17
820	6	5
1	4	2
4	0	0
11	1	0
1354	14	0
12	3	13
2180	118	0
1372	8	6
86	10	80
126	6	36
21	12	0
271	2	0
97	10	12
387	40	35
47	1	58
479	63	23
189	0	5
0	0	0
568	1	42
672	4	1316
134	9	45
37	1	4
38	3	1
2573	508	38
42	57	0
148	174448	105
359	28	29
3	0	37716
821	39	59
0	21	31
10	1	2
103	1	12
2	7	73
763	1	13
3	1	8
25	3	0
1686	1	504
282	1	19
37	3	1
26	34	5
22634	703	5002
485	0	3
905	122	15603
16	13	12
103	0	14
305	1	653
191	317	76
0	0	0
818	0	19
1384	6	190
6	4	10
219	2	219
2	0	0
13001	179	273
0	12	1
48	0	0
185	9	0
8	1	2
1239	2	45
28	115	369
99	34	34
307	0	7
32	0	808
0	0	2
4	16	1
32	0	1
752	1	79
19	1	85
61	46	15
2124	14	285
61	3	34
91	2	20
1256	904	1021
5	54	18
293	0	0
503	95	33
5	0	1
2	2	10
292	4	4
7	0	1
7878	3505	1977
973	4	72
89	7	5
1	0	401
36	27	2
89	1	6
17	1	48
30	159	13
0	0	0
35	4	4
430	119	59
56	6	11
13	1	19
172	0	0
2	1	5
2082	12	150
0	0	0
31	3	404
13	13	6
111	1	10
162	0	3
848	3	113
123	0	71
286	40	81
129	1	21
0	1	0
220	1	10
3	6	1
125	1	136
75	0	40
61	1	6
1909	21	172
158	95	0
464	4	168
25	10	20
2	0	1
1425	3	92
89	579	2
6	2	3
40	2	16
42	3	14
2916	11	41
0	182	26
1	12	1
596	3	0
219	3	67
130	4	13
50	0	21
119	3	10
0	0	14
49	0	25
97	2	26
4	2	1
5	3	3
170	2	2
258	0	400
53	0	8
9	0	0
22	0	1
2	1	2
2787	2619	367
716	5	9
1547	605	69
0	22	4
803	9	279
1352	26	432
1	0	0
0	0	0
530	0	10
57	0	9
5	0	4
41	11	8
122	10	40
125905	544	26264
0	0	0
10	0	0
2	0	1
12	0	44
371	2	151
116	0	2
152	0	3
4	267	92
3	0	182
3641	86	399
140	217	1100
405	32	32
113	3	32
26	0	34
13	0	27
0	0	0
0	0	0
0	9	8
0	0	9
126	9	12
0	1	0
0	7	1
17	22	3
10	1	1
7	3	18
0	14	262
14028	3969	943
331	0	0
113	21	2
7482	501	492
9	2	54
234	0	4
145	225	46
46	0	0
1	0	2221
239	3	92
120	1	70
295	97402	353
46	97	66
6	0	12
2	9	4
42	4	11
216	1	20
27	73	49
5	0	15
661	5	25
239	9	99
707	30	2859
28	190	9
2404	1	42
16978	5	430
296	0	68
255	3	44
368	0	96
350	527	221
140	4	49
4432	11	126
680	3	0
1	0	1
3	3	11
2902	11	569
4571	319	2138
21	2	22
866	66	149
347	50	79
1289	1	316
70	12	13
411	10	98
88	2	54
0	0	0
2	1	5
49	2	1
40	1	17
18	0	1
18	80	1
45	3	3
8857	112	12711
225	8	0
2061	198	1083
11	0	0
83	2	58
46	0	14
68	5	76
463	20	4
310	4	41
63	39	94
26	0	72
0	0	0
448	2	0
1062	4	71
421	2	25
2	3	10
12	0	19
166	4	4
31	32	16
77	0	60
113	3	579
56	11	152
701	5	36
2	0	2
12	14	181
394	30	20
210	7	621
63	1	222
88	0	1
2659	0	6
191	1	22
1878	2	87
11	1	1
538	10	12
1067	0	759
3162	944	597
232	0	11
84	0	4
17	0	5
16	0	21
44	3	11
56	4	4
23	50	242
66	2	6
12	6	6
99	1	2
3	0	0
182	6	0
77	382	10
179	0	273
310	29	43
45	7	1
36	1	21
2542	313	0
37	1	0
263	0	1
12	28	0
50	1	116
1454	57	72
776	27	25
178	2	1
156	538	20
58	0	4
1	0	12
175	0	455
150	30	11
5650	1000	8827
137	0	8
25	11	32
8	0	0
50	2	28
7	0	5
92	0	255
253	9	108
1221	13	0
1	0	0
131	36	57
0	23	41
332	12	39
42	3	18
84	14	111
979	0	177
2985	14	737
163	6	2176
2534	9	161
47	1	10
0	2	1
7	0	11
44	2	1
15	0	0
9	1	19
74	5	63
0	0	2
615	25	0
64	0	25
0	0	0
58	26	85
3376	15	2692
22	0	8
24	2	5
32532	2291	1804
346	11	288
112	1	11
226	0	66
26	2	544
0	3	10
108	11	6
38	31	0
1	0	17
0	0	0
21	1	23
13	8	5
14	23	1
2645	8	279
369	0	45
543	79	1009
12	2	339
210	1	24
0	0	2
460	301	16612
225	2	161
28	15	649
15	2	4
0	0	31622
485	0	12
318	0	10
212	1	6
53	2	2
69	0	3
47	7	205
1208	1	51
28	8	33
10	0	5
253	0	25
8	0	2
62	7	1
191	124	591
150	1	328
49	5	1
10486	15	1573
89	96	76
7	0	3
25	2	23
80	0	37
17879	58	61
375	6	429
463	3	26
246	0	531
480	29	22
1248	0	4
299	2	121
162	1	0
259	1	0
67	5	4
47	30	1209
3538	1032	20
3	3	15
281	1	144
8853	0	1048
5527	336	1328
1829	14	116
18	0	1
53	0	265
0	0	1
515	3	9
148	63	532
5974	20	189
673	13	14
121	23	57
132	11	36
15	2	40
1181	29	2962
222	961	1379
73	0	1
37	14	19
87	1	16
73	1	615
322	0	6
6	7	0
65	7	78
90	297	31
67	1	31
0	0	167
17	1	23
1641	670	126
36	0	157
14	6	52
138	0	388
0	1	0
143	2	8
344	50	55
889	26	111
907	4	20
99	8	72
405	288	3
29	3	4
0	88	185
0	128	2
405	10	67
83	2	32
3	0	0
0	9	44
32	36	443
392	46	16
293	0	1144
5	0	11
474	3	65
0	1	1
100	3	34
6	2	1
2955	13	20
2	0	3
5	0	10
269	1	1
92	113	70
385	592	0
14772	3233	10
17	1	2
141	1	231
1870	106	0
19	1	11
86	112	0
0	1	5
9	1	0
7570	21	8
976	2	3
201	0	10
52	30	33
835	23	901
51	6	26
1876	140	581
29	4	4
152	1	11
89	3	78
442	81	7
536	13	58
885	0	24
385	3	3
0	16	0
0	0	4
387	3	32
259	13	21
291	3	30
0	0	0
51	3	0
4	137	41
91	40	8
1723	11	26
322	0	1
0	0	7
7	0	165
43	17	1
315	8	33
31	1	2
0	2	1
10145	359332	43
86	5	50
1693	55	0
264	4	75
104	0	8
3365	976	4173
424	2	0
0	0	0
322	115	329
75	0	1
1223	5	37
4890	23	779
13036	1	13
17	1	61
53	0	72
795	4	29
34	0	0
9	3	13
59	0	3
1241	4	537
232	0	0
1083	9	6
6	4	4
522	3	45
784	1789	1000
638	11	0
339	0	1
125	2	180
1	8	79
7	10	188
43	0	0
103	8	11
83	0	0
347	3	178
109	1	0
24	3	2
2	0	2
833	83	241
4275	1232	368
340	0	4
19	3	32
3	0	35
295	5	24
1230	14	67
5	0	0
122	17	0
305	0	100
0	0	0
563	45	70
4173	9	349
385	84	40
1234	967	146
448	13	226
29	1	0
187	20	6
293	42	20
475	3	50
40	235	157
387	12	32
42	6	25
4	0	187
179	1	0
1582	58	637
34	38	24
1017	815	84
387	0	13
257	205	4
0	0	1
7	2	3
355	3	5
126	0	26
1713	23	66
107	6	11
114	0	8
28	5	10
29	3	75
1	0	18
75	1	0
271	2	83
704	22	27
1202	54	147
206	6	9
19	0	0
270	30	84
2	0	1
546	5	21
244	1	42
1	0	1
2219	118	726
59	12	16
7079	24128	4455
235	6	738
0	1	0
56	4	0
1828	990	459
4299	3	42
66	8	433
563	1	74
0	0	0
253	10	12
0	529	137
314	87	106
0	0	10
31	0	1
154	5	105
13	5	132
338	9	215
223	4	16
100	0	0
325	0	32
97	2	3
2785	4	399
324	18	23
73	1	2742
522	109	49
0	14	155
7240	6397	3150
554	24	0
2	0	7
7	12	8
155	19	1552
0	0	0
76	2	2122
7	3	2
1	2	6
33	0	0
224	5	1
296	0	12
101	8	65
0	3	14
1116	17	1
453	0	60
30	2	13
478	38	33
21	1	20
1039	0	2
4	0	896
965	6	40
10	0	0
164	1	24
88	4	130
106	2	58
176	1	787
1	0	15
302	8	17
85	78	38
22	0	9
2	4	3
9923	106	1002
108	14	86
54	13	8
116	5	4
103	62	5
322	88	6
0	3	0
79	0	0
12	66	0
21	0	26
1431	2	84
513	18	52
1217	11	153
36	32	212
2441	15	7
251	24	148
317	3	311
1224	87	51
1122	247	120
20	0	0
6	4	0
13	4	2
8	176	0
162	0	38
102	258	906
1034	0	2
84	5	0
345	1	15
163	0	2
3	1	1
50	0	2
64	1	127
8	1	2
279	8	7
339	72	53
4569	14	5347
1509	45	625
1136	0	2
2	1	108
3448	173	538
303	5	12
230	2	122
165	0	353
101	3	10
492	3	30
234	2	58
3	0	7
44	1	82
0	0	1
1833	116	72
1278	253	31
300	7	30
165	0	20
130	0	1
29	7	40
57	9	2
221	4	19
92	6	12
690	1753	68123
305	52	18
167	8	3
2726	21564	10
9	0	220
643	0	9
662	16	16
0	0	0
10	0	0
108	44	1
97	5	4
959	8	76
0	0	1
0	0	0
3	104	29
1395	8	956
20	1	8
7245	373	185
66	16	8
177	1	8
292	1	9
848	3	597
0	0	0
33	9	4
16	2	1
93	1	1
289	1	11
102	0	1
2870	492	5674
1032	558	161
670	1	49
241	1	62
280	5	31
204	0	20
746	4	25
56	172	113
2	0	0
47	332	3571
218	32	0
247	29	2
117	14	48
1886	174	468
742	0	0
0	1	0
1355	0	107
153	0	95
0	1	10
110	2	14
3	0	0
4078	113	1189
176	0	157
35	5	9
14	0	1
3316	49	171
324	39	100
33	0	0
368	0	8
0	0	18
2052	20	128
6344	18	961
145	0	11
201	3	131
1992	12	12
2	1	0
791	5	45
113	35	0
43	0	2
99	10	927
1424	30	105
160	212	33
0	0	6
1	25	55
1185	38	13
6	0	0
0	101	28
81	2	23
329	4	50
887	5	5
0	0	0
89	0	1
4615	226	390
413	7	55
235	7	9
78	0	2
114	3	2
578	6	56
9	0	11
211	0	164
2	2	1
102	21	173
15	4	3
41	0	16
202	1	10
214	2	17
63	12	1
19	6	17
140	16	20
128	7	14
133	0	500
350	3	0
0	84	990
3	0	17
133	213	264
7	50	22
712	5	10
66	4	36
407	2284	36
17	31	13
2	0	5
90	9	6
7	0	0
239	6	9
353	0	32
450	18	30
1607	1	195
36	2	9
3	2	44
394	1	39
4	0	3
133	779	275
21	0	5
15	0	0
406	207	95
260	29	342
0	3	1
35	2	13
626	90	81
154	240	419
204	730	15
191	3	9
21525	5837	76177
66	2	4
38	0	5
136	2	53
196	5	33
0	1	0
136	8	71
94	0	0
82	4	26
295	0	6
793	152	39
66	1	3
69	3	29
353	18	14
40	0	0
144	0	158
3	0	11
434	1	9
4	6	192
1194	0	17
138	4	0
87	73	25
18	0	11
233	0	16
76	8	1
14	6	931
6859	465	182
0	0	1
47	271	137
25	6	33
4	3	19
8687	11	355
0	3	2778
104	0	29
3336	8	142
0	1	2
964	4	28
125	45	28
69	9	23
0	0	2
501	16	81
1520	10	1105
127	1	9
24	1	6
2	0	0
323	3	90
274	2	304
40	2	33
1847	3	213
41	0	9
1	151	2
305	3	22
27	0	80
10269	165	19
1565	8	37
173	2	5
0	5	16
48	0	5
597	17	72
146	17	8
12445	8	292
11522	9	279
18323	14	741
270	0	0
287	6	15
3	0	0
78	1	9
130	0	13
8	0	0
69	0	7
0	0	0
52	3	5
1658	6	100
110	1	7
0	0	1
67	2	3
15	26	12
208	5	263
1147	3	28
0	0	7
258	23	50
807	628	846
1	0	1
757	6	48
7483	87	892
18	0	3
2	14	0
168	1	6
17	1	5
323	11	61
1	42	9
7	0	479
107	2	10
405	5	10
61	0	5
59	409	42
159	13	28
1	0	0
295	1	112
0	728	41
95	421	253
714	222	44
14	0	13
36	5	12
36	11	14
12	0	5
24	5	6
5715	30	274
1	0	2
21	16	4
1618	416	400
568	0	4
17	0	1
1648	14	154
36271	48	4796
20858	183753	272
10	1	51
88	87	0
41	0	4
359	5	178
114	7	45
596	5	34
1002	5	95
0	0	0
0	0	0
164	36	55
0	1	0
50	0	4
832	2	119
676	174953	0
0	7	31
1946	0	0
0	11	0
981	24	14
31	1	1
1668	240	2028
1191	10	57
622	1	13
1399	39	77
177	4	158
143	2	7
22	176	19
198	3	47
42	3	18
491	4	36
174	0	9
2184	40	386
3145	1	0
172	2	6
10175	16	224819
30	2	24
2664	19	552
58	8	436
0	50	24
10558	135	87
15	14	2
180	1009	289
15	45	12
218	383	51
1164	14	288
30377	802	8326
744	89	25
597	120	6
1341	11	146
5748	3	123
35	5	118
2981	8	2096
75	11	81
79940	488850	327755
621	29	21
228	3442	300
291	1	75
110	280	87
4871	4	5
263	23	27
4956	40	171
3341	21774	181
120	1	44
148	1	4
160	6	33
12	1	0
205	175	130
170	3	60
1181	128	33
630	336	146
918	3	182
28	17	0
180	27	0
429	11809	483
16	132	16
171	5	16
152	11	28
268	22	40
3	2	16326
2715	513	109
37	95	3085
2736	23	159
1207	595	68
7	2	22
60	10	2
316	29	505
222	18	17
761	10	53
94	212	3
45	3	48
43	27	34
55	463	23
797	229	146
2	0	114
143	1	27
80	7	8
15	2	1
0	0	53
12113	408	9
202	0	128
73	38	8
1527	454	1490
54	26	255
5398	1235	64
157	30	56
5	0	2
210	37	4304
1994	11650	310
31922	28886	200992
2156	54	9860
33358	17	937
594	3	702
102	23	11
153	38	166
418	411795	0
135	100	40
6874	75	55
336	63119	38
3640	172	7506
329	192	306
165	5358	76
129	29	18
605	459	63
3483	1807	11588
83	1866	10
7	1	29
7631	244	71312
92204	863	6261
1468	31	5344
333	4	54
149	95	13
564	457	137
81	5	2
994	115	254
611	59	4522
729	47	5624
308	29	4512
6285	1207	1484
37	3	1494
6494	17359	6429
8888	272	503
4508	828	11677
678	317	720
544	26179	6655